[0, 956, 442, 645, 215, 574, 448, 367, 159, 235, 955, 424, 350, 627, 593, 508, 53, 478, 537, 763, 679, 237, 697, 636,
146, 324, 218, 29, 282, 938, 149, 940, 553, 600, 820, 390, 292, 680, 271, 817, 280, 637, 557, 924, 80, 789, 25, 708, 2
31, 377, 34, 876, 934, 267, 941, 739, 918, 485, 333, 326, 56, 181, 827, 651, 715, 695, 472, 757, 981, 299, 994, 668, 5
70, 294, 900, 219, 346, 743, 161, 258, 439, 440, 950, 605, 109, 290, 429, 352, 389, 648, 210, 41, 119, 521, 979, 51, 9
85, 63, 113, 797, 69, 725, 625, 598, 500, 700, 91, 479, 559, 724, 550, 37, 719, 634, 932, 245, 969, 405, 65, 840, 298,
 769, 652, 568, 205, 907, 731, 23, 106, 87, 922, 378, 749, 422, 185, 641, 688, 357, 933, 164, 399, 110, 967, 462, 799,
 325, 741, 225, 268, 916, 18, 403, 167, 937, 239, 867, 644, 1, 983, 226, 962, 793, 522, 960, 582, 4, 656, 874, 261, 83
1, 340, 539, 595, 276, 761, 833, 912, 293, 802, 694, 373, 104, 564, 778, 631, 342, 180, 160, 720, 305, 577, 401, 52, 6
69, 844, 653, 484, 296, 415, 70, 945, 607, 208, 514, 872, 723, 862, 737, 526, 784, 689, 145, 795, 684, 834, 838, 610,
995, 622, 371, 775, 502, 118, 155, 12, 685, 112, 806, 792, 381, 121, 566, 903, 489, 131, 826, 599, 562, 120, 374, 561,
 295, 451, 758, 973, 744, 220, 49, 64, 253, 327, 169, 990, 459, 144, 606, 132, 898, 418, 452, 958, 141, 455, 516, 954,
 908, 884, 221, 79, 663, 313, 156, 928, 349, 244, 886, 702, 515, 552, 251, 318, 135, 504, 617, 657, 247, 869, 691, 157
, 632, 661, 9, 925, 639, 360, 291, 281, 538, 549, 361, 432, 394, 949, 713, 575, 895, 230, 819, 706, 571, 304, 278, 548
, 465, 400, 966, 991, 358, 518, 972, 965, 815, 274, 388, 238, 19, 384, 587, 32, 406, 999, 211, 85, 880, 364, 536, 430,
 914, 621, 236, 108, 476, 337, 249, 123, 825, 671, 207, 234, 670, 503, 875, 964, 380, 199, 30, 590, 461, 279, 783, 162
, 140, 855, 545, 804, 101, 640, 835, 353, 659, 623, 366, 541, 216, 493, 283, 82, 705, 992, 510, 494, 316, 396, 849, 51
3, 320, 256, 729, 217, 445, 773, 888, 456, 808, 534, 45, 270, 506, 322, 319, 635, 520, 139, 15, 178, 703, 117, 397, 66
0, 5, 782, 174, 354, 255, 779, 760, 736, 860, 343, 436, 272, 857, 97, 692, 463, 392, 16, 60, 626, 919, 542, 996, 490,
596, 368, 209, 523, 94, 712, 747, 987, 86, 314, 887, 603, 287, 347, 171, 868, 586, 277, 482, 601, 620, 486, 649, 896,
107, 39, 477, 431, 153, 3, 836, 751, 335, 616, 767, 953, 915, 288, 409, 73, 398, 20, 807, 243, 78, 939, 300, 709, 223,
 926, 460, 213, 662, 252, 273, 986, 99, 818, 100, 203, 579, 473, 391, 614, 250, 989, 363, 257, 728, 44, 38, 544, 638,
332, 823, 988, 204, 27, 957, 191, 726, 755, 690, 331, 24, 675, 372, 136, 13, 781, 866, 359, 412, 535, 194, 227, 351, 7
71, 917, 487, 6, 810, 21, 103, 369, 469, 619, 72, 284, 310, 71, 426, 98, 942, 129, 137, 738, 913, 222, 408, 676, 468,
62, 871, 301, 187, 733, 75, 344, 576, 416, 212, 492, 597, 654, 608, 241, 578, 475, 961, 790, 376, 355, 488, 551, 583,
982, 735, 175, 170, 260, 852, 311, 748, 427, 841, 853, 417, 289, 189, 971, 693, 756, 382, 297, 796, 150, 947, 759, 96,
 464, 786, 54, 611, 467, 560, 716, 206, 507, 428, 163, 330, 454, 182, 655, 152, 829, 977, 774, 446, 323, 845, 847, 88,
 498, 902, 200, 846, 707, 633, 286, 285, 338, 837, 594, 58, 581, 419, 854, 615, 529, 935, 501, 497, 997, 732, 262, 483
, 434, 517, 532, 263, 569, 410, 269, 17, 266, 727, 714, 93, 672, 814, 658, 742, 480, 883, 40, 948, 345, 718, 618, 143,
 699, 76, 848, 923, 851, 481, 998, 444, 307, 873, 602, 177, 385, 491, 929, 7, 437, 148, 931, 102, 563, 224, 2, 533, 19
8, 329, 50, 414, 214, 404, 839, 530, 717, 457, 734, 201, 142, 362, 33, 95, 588, 952, 466, 519, 920, 309, 901, 905, 246
, 787, 31, 927, 870, 254, 233, 889, 882, 800, 698, 944, 546, 339, 643, 881, 124, 772, 711, 885, 946, 334, 365, 393, 97
8, 666, 993, 172, 764, 55, 612, 630, 447, 722, 441, 165, 188, 770, 673, 383, 173, 650, 572, 471, 878, 678, 202, 565, 8
77, 438, 555, 891, 411, 375, 317, 348, 192, 686, 832, 264, 788, 450, 228, 762, 859, 894, 776, 785, 604, 865, 303, 777,
 125, 89, 47, 474, 458, 248, 336, 842, 232, 240, 115, 59, 420, 138, 624, 984, 105, 863, 791, 677, 166, 151, 892, 547,
470, 126, 821, 930, 910, 752, 127, 147, 74, 968, 909, 379, 43, 495, 499, 899, 525, 524, 710, 242, 906, 26, 509, 753, 1
76, 704, 68, 133, 975, 921, 449, 897, 609, 22, 858, 861, 370, 36, 856, 580, 805, 754, 681, 589, 531, 308, 646, 193, 74
5, 190, 197, 811, 8, 567, 527, 812, 402, 879, 81, 890, 57, 629, 134, 387, 413, 259, 496, 306, 158, 976, 130, 843, 682,
 822, 970, 687, 613, 798, 585, 511, 35, 122, 386, 721, 83, 959, 696, 154, 740, 395, 768, 84, 67, 828, 11, 315, 10, 184
, 265, 540, 628, 512, 14, 528, 421, 558, 168, 780, 128, 543, 179, 794, 90, 746, 963, 321, 328, 667, 116, 275, 186, 114
, 435, 647, 77, 943, 665, 904, 974, 816, 42, 864, 730, 312, 951, 48, 229, 591, 66, 505, 423, 92, 911, 556, 433, 830, 9
80, 592, 824, 936, 407, 850, 111, 803, 341, 766, 61, 893, 573, 683, 642, 195, 809, 356, 765, 664, 701, 453, 443, 801,
813, 750, 46, 584, 196, 302, 674, 425, 183, 554, 28, 0]