[0, 501, 833, 221, 466, 53, 866, 132, 854, 547, 398, 45, 98, 265, 602, 85, 605, 95, 720, 705, 255, 713, 78, 811, 803,
812, 880, 774, 640, 731, 693, 627, 993, 319, 505, 105, 130, 106, 925, 474, 936, 873, 115, 908, 777, 478, 245, 613, 487
, 86, 533, 644, 69, 405, 283, 795, 872, 735, 851, 947, 569, 68, 961, 892, 365, 573, 810, 193, 248, 991, 864, 934, 580,
 185, 456, 35, 657, 548, 246, 579, 483, 311, 87, 820, 421, 507, 897, 684, 276, 697, 775, 652, 512, 495, 871, 39, 900,
742, 26, 164, 885, 723, 858, 771, 428, 503, 129, 591, 822, 856, 515, 100, 957, 617, 882, 188, 702, 408, 667, 62, 638,
235, 118, 9, 413, 665, 418, 463, 113, 382, 57, 801, 350, 498, 655, 372, 385, 374, 840, 32, 999, 205, 694, 256, 853, 65
4, 314, 902, 329, 584, 281, 541, 297, 492, 790, 497, 126, 479, 156, 800, 745, 267, 806, 504, 331, 663, 91, 181, 899, 6
50, 527, 148, 715, 332, 303, 531, 4, 578, 489, 724, 227, 309, 80, 551, 84, 608, 535, 99, 341, 836, 34, 906, 869, 499,
980, 13, 874, 302, 403, 239, 681, 907, 155, 710, 529, 707, 571, 545, 917, 621, 23, 862, 807, 278, 285, 160, 831, 223,
90, 940, 291, 162, 738, 624, 194, 325, 427, 136, 976, 260, 94, 889, 416, 336, 785, 748, 539, 558, 259, 583, 111, 994,
251, 287, 437, 680, 424, 409, 436, 360, 296, 426, 656, 217, 264, 321, 691, 942, 104, 186, 323, 783, 33, 898, 93, 37, 7
64, 523, 883, 110, 651, 719, 81, 480, 695, 717, 46, 172, 966, 786, 727, 674, 823, 469, 232, 518, 6, 630, 140, 677, 766
, 952, 879, 355, 43, 828, 496, 464, 345, 304, 477, 922, 422, 791, 832, 234, 294, 642, 40, 508, 557, 447, 107, 824, 685
, 30, 163, 670, 75, 520, 417, 451, 147, 920, 476, 706, 711, 998, 158, 316, 226, 561, 268, 641, 272, 29, 116, 493, 912,
 559, 51, 271, 943, 676, 376, 198, 391, 895, 730, 1, 985, 488, 679, 20, 526, 500, 560, 984, 308, 838, 207, 754, 737, 8
48, 134, 517, 12, 574, 855, 266, 751, 149, 220, 66, 435, 549, 977, 930, 982, 327, 506, 599, 192, 633, 576, 125, 628, 8
68, 56, 821, 171, 637, 41, 229, 152, 375, 216, 753, 461, 660, 166, 342, 218, 648, 935, 709, 649, 776, 725, 884, 814, 2
49, 333, 67, 516, 263, 861, 784, 288, 938, 805, 16, 739, 587, 863, 389, 367, 379, 307, 990, 119, 215, 509, 400, 937, 2
40, 440, 550, 857, 52, 351, 989, 369, 619, 89, 796, 890, 386, 818, 410, 972, 47, 384, 473, 926, 789, 927, 971, 486, 94
8, 757, 970, 358, 834, 570, 659, 687, 601, 425, 343, 168, 555, 165, 865, 3, 769, 894, 252, 780, 415, 361, 768, 666, 45
9, 74, 357, 414, 334, 450, 92, 108, 24, 404, 556, 378, 762, 339, 482, 49, 534, 734, 609, 626, 770, 636, 593, 716, 397,
 726, 22, 787, 756, 728, 860, 992, 703, 318, 103, 565, 704, 467, 293, 170, 179, 446, 353, 941, 923, 793, 454, 101, 142
, 228, 433, 562, 886, 878, 729, 242, 567, 295, 968, 25, 510, 494, 953, 700, 671, 363, 699, 877, 950, 335, 31, 689, 236
, 827, 502, 396, 10, 781, 300, 815, 2, 310, 135, 521, 204, 634, 199, 141, 439, 324, 71, 881, 519, 330, 222, 960, 174,
888, 736, 237, 392, 438, 817, 457, 28, 944, 402, 794, 513, 340, 481, 475, 928, 911, 830, 394, 328, 122, 167, 338, 540,
 390, 792, 604, 919, 145, 616, 183, 153, 362, 933, 825, 939, 672, 8, 760, 901, 577, 607, 852, 144, 472, 974, 622, 347,
 614, 173, 967, 349, 485, 876, 458, 352, 646, 842, 664, 905, 798, 585, 97, 243, 904, 455, 448, 366, 623, 123, 797, 88,
 55, 356, 733, 63, 844, 131, 471, 722, 537, 468, 137, 678, 317, 741, 758, 914, 712, 964, 755, 829, 808, 788, 743, 859,
 575, 299, 159, 759, 219, 629, 411, 553, 197, 244, 269, 750, 241, 732, 449, 996, 778, 65, 662, 368, 511, 289, 73, 250,
 114, 17, 849, 916, 995, 292, 893, 799, 377, 958, 744, 951, 201, 752, 563, 169, 344, 7, 238, 954, 484, 109, 82, 809, 9
86, 802, 157, 208, 72, 406, 419, 767, 175, 847, 956, 747, 522, 887, 779, 315, 191, 532, 837, 988, 746, 279, 27, 161, 2
13, 200, 393, 420, 460, 346, 612, 949, 444, 261, 412, 21, 224, 819, 277, 462, 61, 202, 909, 58, 896, 187, 383, 364, 34
8, 273, 214, 139, 491, 401, 320, 816, 138, 233, 154, 718, 763, 196, 962, 15, 572, 312, 696, 270, 915, 151, 929, 441, 5
89, 211, 373, 184, 231, 36, 470, 606, 452, 190, 209, 337, 530, 354, 254, 975, 618, 395, 546, 924, 978, 77, 686, 594, 5
9, 298, 643, 969, 443, 465, 286, 180, 903, 843, 453, 611, 804, 176, 195, 987, 554, 772, 544, 740, 262, 388, 19, 124, 4
45, 442, 102, 536, 979, 841, 946, 430, 542, 306, 490, 839, 635, 301, 514, 850, 322, 14, 284, 661, 538, 586, 701, 714,
60, 381, 597, 206, 203, 112, 963, 615, 620, 407, 683, 127, 846, 423, 765, 913, 247, 918, 275, 932, 955, 150, 326, 552,
 371, 682, 117, 525, 225, 210, 891, 959, 931, 600, 603, 399, 983, 721, 835, 588, 945, 595, 870, 50, 5, 70, 543, 592, 1
1, 212, 921, 631, 581, 761, 981, 257, 128, 48, 875, 867, 42, 708, 387, 96, 290, 434, 146, 253, 692, 566, 773, 230, 639
, 653, 658, 632, 528, 282, 997, 845, 121, 120, 38, 690, 18, 596, 143, 370, 64, 76, 177, 813, 668, 590, 178, 359, 568,
313, 610, 673, 524, 675, 826, 965, 431, 698, 625, 598, 688, 432, 647, 189, 54, 645, 305, 749, 582, 258, 429, 274, 973,
 910, 133, 79, 564, 782, 44, 182, 669, 280, 380, 83, 0]
